[105, 63, 52, 133, 61, 62, 37, 38]
[170, 22, 63, 52, 133, 9]
[102, 26, 15, 107]
[170, 22, 159, 63, 52, 8, 68]
[15, 196]
[151, 152]
[21, 54]
[0, 11]
[91, 87]
[22, 159, 63, 52, 59, 61, 62, 37, 45]
[52, 8, 68, 9]
[8, 162]
[18, 167]
[22, 159, 63, 52, 8, 68, 117]
[31, 18, 76]
[105, 63, 52, 59, 61, 62, 41]
[170, 22, 159, 63, 52, 133, 9]
[170, 22, 159, 63, 52, 59, 61, 62, 37]
[22, 159, 63, 52, 8, 162]
[105, 63, 52]
[105, 63, 52, 8, 9]
[93, 63, 146, 46]
[190, 18, 11]
[22, 159, 63, 52, 8, 9]
[22, 159, 160]
[118, 119, 192]
[133, 61, 62, 37, 45]
[105, 63, 52, 133, 61, 62, 41, 42]
[163, 19]
[170, 22, 159, 63, 146, 46]
[170, 22, 63, 52, 59, 117]
[170, 22, 159, 63, 52, 133, 61, 62]
[93, 63, 52, 133, 61]
[159, 63, 187]
[64, 101]
[94, 70]
[93, 63, 52, 133, 9]
[14, 15, 107]
[69, 70]
[102, 14, 112, 212]
[14, 112, 158]
[63, 52, 8, 162]
[116, 140]
[52, 8, 9]
[22, 159, 63, 52, 59, 61, 62, 41]
[51, 24]
[105, 63, 176]
[93, 63, 52, 59, 61, 62, 37, 45]
[93, 63, 52, 133, 61, 62, 37, 45]
[170, 22, 159, 63, 52, 8, 45]
[170, 22, 63, 187]
[79, 174]
[102, 14, 168, 107]
[105, 63, 146, 46, 45]
[179, 180]
[82, 83]
[170, 22, 63, 52, 59, 61, 62, 41, 42, 111]
[102, 14, 112, 30]
[66, 67]
[24, 115]
[112, 30]
[93, 63, 52, 59, 117]
[170, 22, 159, 63, 52]
[24, 51, 90]
[159, 63, 52]
[52, 133, 61, 62, 37]
[170, 22, 63, 52, 133, 61]
[210, 10]
[102, 26, 1, 83]
[63, 52, 8, 9]
[2, 3]
[170, 22, 159, 160]
[68, 9]
[159, 63, 52, 133, 9]
[125, 126]
[189, 99, 11]
[22, 159, 63, 52, 59, 61, 45]
[25, 87]
[102, 14, 15, 196]
[170, 22, 63, 52]
[29, 30]
[207, 111]
[29, 54]
[22, 63, 52, 133, 61, 62, 41, 42, 111]
[161, 30]
[82, 24, 25, 87]
[105, 63, 52, 133, 61, 62, 41, 45]
[161, 54]
[145, 15, 107]
[189, 82]
[149, 79, 27]
[170, 22, 159, 63, 52, 35, 36]
[170, 22, 159, 63, 187]
[82, 87]
[170, 22, 159, 63, 52, 35]
[22, 63, 176]
[170, 22, 159, 63, 52, 59]
[170, 22, 159, 63, 52, 133, 61, 45]
[22, 63, 52, 59, 61, 62, 37]
[51, 24, 25, 87]
[170, 22, 159, 63, 52, 59, 61, 62, 37, 45]
[145, 15]
[51, 24, 115]
[14, 136, 15, 196]
[53, 31, 18, 167]
[53, 31]
[61, 62, 37]
[63, 52]
[159, 63, 52, 133, 61, 62, 37]
[52, 8, 68, 117]
[157, 135]
[190, 18, 19]
[22, 63, 52, 8, 68]
[63, 146, 46, 45]
[82, 24, 51, 87, 83]
[170, 22, 159, 63, 146]
[55, 56]
[123, 103, 104]
[93, 63, 52, 35, 36]
[22, 63, 52, 8, 45]
[170, 22, 159, 63, 52, 133]
[146, 46, 45]
[93, 63, 52, 59, 61, 62, 41]
[103, 104]
[204, 205]
[159, 63, 52, 59, 61, 62, 37]
[14, 136, 15, 107]
[53, 31, 18, 76]
[63, 52, 133, 61, 62]
[170, 22, 159]
[82, 24, 141]
[22, 159, 63, 52, 133]
[93, 63, 52, 133, 137]
[43, 44]
[0, 1, 83]
[52, 59, 61, 62, 37]
[170, 22, 159, 63, 52, 133, 61, 62, 37, 45]
[132, 72, 90]
[52, 133, 61, 62]
[62, 37, 45]
[0, 1]
[133, 61]
[147, 55, 56]
[120, 90]
[52, 59, 61, 45]
[189, 82, 24, 25, 87, 83]
[105, 63, 52, 133, 61, 62, 37]
[12, 13, 175, 69, 70]
[52, 133, 61, 62, 37, 38]
[173, 135]
[78, 109]
[190, 18, 43, 44]
[6, 11]
[159, 63, 52, 59, 61, 62, 37, 38]
[52, 59, 61, 62]
[63, 187]
[170, 22, 63, 52, 133, 61, 62]
[170, 22, 159, 63, 146, 46, 45]
[100, 27, 28]
[22, 159, 63, 52, 59, 61, 62]
[22, 159, 63, 52, 8, 68, 9]
[170, 22, 63, 52, 133, 137]
[63, 52, 8]
[52, 59, 61, 62, 37, 38]
[59, 61, 62, 37, 38]
[102, 14, 136, 15]
[112, 212]
[53, 31, 18, 43, 44]
[22, 159, 63]
[31, 18]
[159, 63, 52, 8, 162]
[12, 13, 132, 72]
[22, 63, 52, 8, 68, 117]
[59, 61, 62, 37]
[97, 81]
[63, 52, 59, 61, 62, 41]
[170, 22, 63, 52, 8, 9]
[22, 63, 52, 59, 61, 62, 41, 42, 111]
[39, 128]
[170, 22, 63, 52, 133, 61, 62, 37]
[6, 139]
[22, 63, 52, 133, 61, 62, 37, 45]
[170, 22, 63, 52, 59, 61, 62, 41, 42]
[210, 10, 91, 87, 83]
[12, 75]
[12, 13, 175]
[175, 69, 70]
[105, 63, 52, 8, 68, 117]
[16, 194]
[93, 63, 187]
[148, 83]
[210, 10, 11]
[159, 63, 52, 133, 61, 62, 37, 45]
[8, 68, 9]
[31, 32, 140]
[35, 45]
[12, 13, 132]
[64, 65]
[159, 63, 52, 133, 61, 62, 41]
[170, 22, 63, 52, 59, 61, 62, 41, 45]
[8, 9]
[82, 24, 25]
[170, 22, 159, 63, 52, 133, 61, 62, 37, 38]
[105, 63, 52, 59, 61, 62, 37, 38]
[170, 22, 63, 52, 133]
[113, 114]
[63, 52, 133, 61, 62, 37, 38]
[159, 63, 52, 133, 61, 62]
[82, 24, 115]
[147, 12, 13, 132, 72, 90]
[22, 63, 52, 133, 137]
[102, 26, 15]
[12, 13, 132, 72, 90]
[52, 8, 45]
[170, 22, 63, 52, 8, 45]
[63, 52, 59, 61, 62, 37, 45]
[170, 22, 63, 52, 8, 162]
[31, 18, 195]
[102, 14, 15]
[170, 68, 9]
[61, 62, 41, 42, 111]
[10, 91, 87]
[63, 52, 133, 61, 45]
[52, 8, 68]
[170, 22, 63, 52, 133, 61, 62, 37, 45]
[51, 83]
[93, 63, 52, 59, 61, 62, 37]
[63, 52, 133, 61, 62, 41]
[84, 85]
[49, 7]
[24, 25, 87, 83]
[39, 1]
[159, 63, 52, 59, 61, 62, 41]
[22, 159, 63, 52, 133, 61, 62]
[63, 52, 59, 61, 62, 41, 42, 111]
[15, 107]
[63, 52, 59, 61, 62, 41, 42]
[190, 18]
[63, 52, 8, 117]
[31, 18, 19]
[61, 62, 37, 45]
[100, 27, 86]
[18, 43]
[22, 63, 52, 59, 61, 62, 37, 38]
[39, 34]
[118, 119]
[170, 22, 63, 52, 59, 61, 62]
[159, 63, 146, 46]
[52, 133, 61, 62, 37, 45]
[134, 135]
[51, 81]
[59, 61, 62, 41, 42]
[93, 63, 52, 8, 162]
[170, 22, 63, 52, 8, 68]
[93, 63, 52, 133, 61, 62, 37]
[171, 172]
[63, 146]
[102, 14]
[52, 35, 36]
[47, 48, 164]
[136, 15, 196]
[93, 63, 52, 8, 68, 9]
[14, 168]
[98, 19]
[159, 63, 52, 59, 61, 62, 41, 42]
[12, 13]
[190, 18, 167]
[22, 159, 63, 52, 59, 61, 62, 41, 42, 111]
[145, 15, 196]
[39, 99, 11]
[59, 61, 45]
[22, 159, 63, 146, 46, 45]
[22, 159, 63, 52, 59, 117]
[159, 63, 52, 59, 61, 45]
[22, 159, 63, 52, 133, 61, 45]
[165, 166]
[10, 91, 83]
[88, 89]
[62, 41, 45]
[170, 22, 63, 52, 59, 61, 62, 37, 38]
[61, 45]
[63, 52, 35, 45]
[105, 63, 52, 59, 117]
[52, 59, 61, 62, 41, 42, 111]
[63, 52, 59, 61, 62, 41, 45]
[42, 111]
[63, 52, 59, 61, 62, 37]
[22, 159, 63, 52, 35, 36]
[108, 109]
[112, 142]
[63, 52, 133, 137]
[22, 63, 52, 59, 117]
[147, 12, 13, 175, 69]
[93, 63, 146, 46, 45]
[16, 17]
[170, 22, 159, 63, 52, 8, 68, 117]
[77, 78, 131]
[39, 181]
[22, 159, 63, 52, 133, 61, 62, 37, 45]
[170, 22, 63, 52, 35, 36]
[41, 45]
[105, 63, 52, 59, 61, 62, 37]
[159, 63, 52, 133]
[22, 63, 52, 35, 36]
[170, 22, 63, 146]
[52, 59, 61, 62, 41, 45]
[159, 63, 146]
[170, 22, 63, 146, 46]
[22, 63, 146]
[47, 48]
[61, 62]
[105, 63, 52, 133, 61, 62, 41, 42, 111]
[105, 63, 146]
[136, 15, 107]
[170, 22, 63, 52, 59, 61, 45]
[96, 177]
[22, 159, 63, 52, 133, 137]
[100, 27]
[82, 24, 51, 81]
[159, 63, 52, 133, 61, 45]
[20, 138]
[159, 63, 52, 59, 61, 62, 41, 45]
[78, 198]
[61, 62, 41, 42]
[22, 159]
[189, 82, 24, 51, 87, 83]
[13, 175, 69]
[161, 142]
[22, 63, 52, 133, 61, 62, 41, 42]
[22, 159, 63, 187]
[102, 14, 168]
[189, 82, 87, 83]
[10, 91]
[105, 63, 52, 59, 61, 62, 41, 42, 111]
[61, 62, 41, 45]
[27, 28]
[22, 159, 63, 52, 59, 61, 62, 37]
[62, 41, 42]
[6, 7]
[32, 140]
[102, 14, 15, 107]
[170, 22, 63, 52, 133, 61, 62, 41, 45]
[189, 82, 24, 51, 87]
[22, 159, 63, 52, 133, 61]
[154, 155]
[41, 42]
[82, 24, 51, 83]
[96, 75]
[31, 18, 11]
[52, 59, 61, 62, 41, 42]
[18, 43, 44]
[66, 67, 75]
[52, 35]
[102, 26, 106, 107]
[52, 59]
[93, 63, 52, 133, 61, 62, 37, 38]
[102, 14, 136, 15, 107]
[189, 82, 24, 51, 83]
[159, 63, 52, 59, 61, 62]
[91, 83]
[133, 61, 62, 41, 42, 111]
[170, 22, 159, 63, 52, 59, 117]
[127, 128]
[159, 63, 52, 8, 45]
[63, 52, 8, 68, 117]
[159, 63, 52, 35, 36]
[77, 78, 198]
[190, 18, 43]
[31, 18, 191]
[82, 24, 25, 87, 83]
[102, 14, 112, 158]
[159, 63, 52, 133, 61, 62, 41, 42]
[170, 22, 159, 63, 52, 133, 61, 62, 37]
[183, 45]
[25, 87, 83]
[51, 87]
[59, 117]
[105, 63, 52, 59]
[153, 7]
[105, 63, 52, 35]
[22, 159, 63, 52, 133, 61, 62, 41]
[93, 63, 52, 8, 45]
[170, 22, 63, 52, 133, 61, 62, 41, 42]
[4, 5]
[170, 22, 63, 52, 59, 61, 62, 41]
[189, 82, 24, 51, 81]
[22, 63, 52, 133, 61, 62, 41]
[102, 26, 1]
[147, 96, 75]
[59, 61, 62, 41, 45]
[78, 131]
[59, 61, 62, 41, 42, 111]
[105, 63, 52, 133, 61]
[178, 21, 54]
[132, 72]
[93, 63, 52, 8, 68]
[62, 37]
[210, 10, 91]
[52, 59, 117]
[82, 24, 51, 87]
[112, 182]
[71, 72, 90]
[63, 52, 133, 61, 62, 41, 42, 111]
[93, 63, 52, 35]
[22, 159, 63, 52, 59, 61, 62, 37, 38]
[22, 63, 52, 133, 61, 62